-98.4128064014263
-20.7812595813229
1.09332686043645
16.7542847552303
12.4486128774339
-1.89055997086584
0
29.0115001980616
43.4632183647346
0
-17.4899027668561
301.153547194498
98.4128064014263
-20.7812595813229
1.09332686043645
-16.7542847552303
12.4486128774339
-1.89055997086584
-91.3651151816248
-18.7563225494933
-0.25569887506108
23.3695670891169
13.3387012663151
-0.666764325369648
0
49.7197874767288
40.6055242279721
0
-12.7659501053212
290.313318449498
91.3651151816248
-18.7563225494933
-0.25569887506108
-23.3695670891169
13.3387012663151
-0.666764325369648
-61.1329206415881
-3.4851532369079
0.559704558856969
12.9588365855211
11.4123079391472
12.1196846426888
0
28.5690146788398
38.5251642643882
0
-21.5436139945064
199.712377322593
61.1329206415881
-3.4851532369079
0.559704558856969
-12.9588365855211
11.4123079391472
12.1196846426888
-67.5345990435367
-1.01192107200542
4.40659643916838
15.8542463514348
9.12572430372036
19.138343657672
0
35.2456750134177
38.0399218266002
0
-21.4549821628797
233.746718700411
67.5345990435367
-1.01192107200542
4.40659643916838
-15.8542463514348
9.12572430372036
19.138343657672
-94.4798237891325
-18.048160813811
2.96128596239156
25.8166745044043
9.17143562715917
-0.694676161130908
4.02553310286556
40.0767734143876
46.2386390430995
2.47400772870421
-16.2781764532402
296.65454072357
97.4568564759682
-19.925098034245
-0.595514062658992
-18.7147802982406
16.8494305069937
0.506643332340067
-66.8351750061659
-1.25935554880868
4.67261966065145
16.3828872656948
11.5702695322496
20.3694845764644
1.90022408505011
34.7315792829502
40.0665579557862
3.68277656282702
-22.8967870522428
231.240614235228
68.6749060146766
-0.0906016429255884
2.94368864064598
-15.4164449456288
11.2465448694682
20.6225541436111
-85.3213369457979
-19.9198620750949
1.61695172363509
18.2612164043391
17.7019047348241
-7.6757754623949
-19.8190485654311
29.1553492149692
47.1537258866994
-11.9363776817136
-27.1999454275233
268.544297208519
87.0075141121772
-6.00669946311
5.07673306220005
-18.9764718816588
6.44433850224992
15.7688556291842
-80.6179850073627
-26.4023679880804
-1.35282963343359
26.0334472186102
12.5256993617886
-21.7851112054264
-7.7124977012047
40.1890484861187
53.1709440522763
-11.1380097456542
-27.636487792369
277.383581793728
83.3909184372366
-5.62670035256452
2.52282305571837
-25.0746518678782
10.8041043359667
23.8221159357659
-86.7943069012178
-22.7421919005247
0.53564968651947
23.8218568472608
16.2460112264997
-11.9116872221567
-24.0444747356807
30.7490623244504
56.0211187269101
-11.3406034116705
-29.4692178291478
274.430112273658
86.4924819185587
-7.3551867713222
1.03414795497682
-25.9874080145154
7.91022665176704
13.1531837403015
-81.2140100122248
-22.8159720558001
3.22567598432337
22.5635608282429
15.7718948212838
-12.5669893815901
-6.60211744056124
41.6406740444094
47.2517358118353
-4.71043379643949
-25.0851895037277
275.013845819309
86.70748171676
-3.50027240815232
3.6447013113184
-20.671026829658
6.91006247704983
22.7987725329351
-97.4568564759682
-19.925098034245
-0.595514062658992
18.7147802982406
16.8494305069937
0.506643332340067
-4.02553310286556
40.0767734143876
46.2386390430995
-2.47400772870421
-16.2781764532402
296.65454072357
94.4798237891325
-18.048160813811
2.96128596239156
-25.8166745044043
9.17143562715917
-0.694676161130908
-68.6749060146766
-0.0906016429255884
2.94368864064598
15.4164449456288
11.2465448694682
20.6225541436111
-1.90022408505011
34.7315792829502
40.0665579557862
-3.68277656282702
-22.8967870522428
231.240614235228
66.8351750061659
-1.25935554880868
4.67261966065145
-16.3828872656948
11.5702695322496
20.3694845764644
-87.0075141121772
-6.00669946311
5.07673306220005
18.9764718816588
6.44433850224992
15.7688556291842
19.8190485654311
29.1553492149692
47.1537258866994
11.9363776817136
-27.1999454275233
268.544297208519
85.3213369457979
-19.9198620750949
1.61695172363509
-18.2612164043391
17.7019047348241
-7.6757754623949
-83.3909184372366
-5.62670035256452
2.52282305571837
25.0746518678782
10.8041043359667
23.8221159357659
7.7124977012047
40.1890484861187
53.1709440522763
11.1380097456542
-27.636487792369
277.383581793728
80.6179850073627
-26.4023679880804
-1.35282963343359
-26.0334472186102
12.5256993617886
-21.7851112054264
-86.4924819185587
-7.3551867713222
1.03414795497682
25.9874080145154
7.91022665176704
13.1531837403015
24.0444747356807
30.7490623244504
56.0211187269101
11.3406034116705
-29.4692178291478
274.430112273658
86.7943069012178
-22.7421919005247
0.53564968651947
-23.8218568472608
16.2460112264997
-11.9116872221567
-86.70748171676
-3.50027240815232
3.6447013113184
20.671026829658
6.91006247704983
22.7987725329351
6.60211744056124
41.6406740444094
47.2517358118353
4.71043379643949
-25.0851895037277
275.013845819309
81.2140100122248
-22.8159720558001
3.22567598432337
-22.5635608282429
15.7718948212838
-12.5669893815901
